0000 0001 4275 6431 0000 2000 0000 0800
0000 2000 0000 100c 0000 0000 0000 0000
0000 0000 0000 0000 0000 0000 0000 0800
0000 0800 0000 0000 0000 0000 0000 0000
0000 0000 0000 0002 0000 0000 0000 0014
0000 0001 0000 1000 0069 0074 005f 005f
002e 0070 0000 0000 0000 0000 0000 0000
0000 0000 0000 0000 0000 0000 0000 0000
0000 0000 0000 0000 0000 0000 0000 0000
0000 0000 0000 0000 0000 0000 0000 0000
0000 0000 0000 0000 0000 0000 0000 0000
0000 0000 0000 0000 0000 0000 0000 0000
0000 0000 0000 0000 0000 0000 0000 0000
0000 0000 0000 0000 0000 0000 0000 0000
0000 0000 0000 0000 0000 0000 0000 0000
0000 0000 0000 0000 0000 0000 0000 0000
0000 0000 0000 0000 0000 0000 0000 0000
0000 0000 0000 0000 0000 0000 0000 0000
0000 0000 0000 0000 0000 0000 0000 0000
0000 0000 0000 0000 0000 0000 0000 0000
0000 0000 0000 0000 0000 0000 0000 0000
0000 0000 0000 0000 0000 0000 0000 0000
0000 0000 0000 0000 0000 0000 0000 0000
0000 0000 0000 0000 0000 0000 0000 0000
0000 0000 0000 0000 0000 0000 0000 0000
0000 0000 0000 0000 0000 0000 0000 0000
0000 0000 0000 0000 0000 0000 0000 0000
0000 0000 0000 0000 0000 0000 0000 0000
0000 0000 0000 0000 0000 0000 0000 0000
0000 0000 0000 0000 0000 0000 0000 0000
0000 0000 0000 0000 0000 0000 0000 0000
0000 0000 0000 0000 0000 0000 0000 0000
0000 0000 0000 0000 0000 0000 0000 0000
0000 0000 0000 0000 0000 0000 0000 0000
0000 0000 0000 0000 0000 0000 0000 0000
0000 0000 0000 0000 0000 0000 0000 0000
0000 0000 0000 0000 0000 0000 0000 0000
0000 0000 0000 0000 0000 0000 0000 0000
0000 0000 0000 0000 0000 0000 0000 0000
0000 0000 0000 0000 0000 0000 0000 0000
0000 0000 0000 0000 0000 0000 0000 0000
0000 0000 0000 0000 0000 0000 0000 0000
0000 0000 0000 0000 0000 0000 0000 0000
0000 0000 0000 0000 0000 0000 0000 0000
0000 0000 0000 0000 0000 0000 0000 0000
0000 0000 0000 0000 0000 0000 0000 0000
0000 0000 0000 0000 0000 0000 0000 0000
0000 0000 0000 0000 0000 0000 0000 0000
0000 0000 0000 0000 0000 0000 0000 0000
0000 0000 0000 0000 0000 0000 0000 0000
0000 0000 0000 0000 0000 0000 0000 0000
0000 0000 0000 0000 0000 0000 0000 0000
0000 0000 0000 0000 0000 0000 0000 0000
0000 0000 0000 0000 0000 0000 0000 0000
0000 0000 0000 0000 0000 0000 0000 0000
0000 0000 0000 0000 0000 0000 0000 0000
0000 0000 0000 0000 0000 0000 0000 0000
0000 0000 0000 0000 0000 0000 0000 0000
0000 0000 0000 0000 0000 0000 0000 0000
0000 0000 0000 0000 0000 0000 0000 0000
0000 0000 0000 0000 0000 0000 0000 0000
0000 0000 0000 0000 0000 0000 0000 0000
0000 0000 0000 0000 0000 0000 0000 0000
0000 0000 0000 0000 0000 0000 0000 0000
0000 0000 0000 0000 0000 0000 0000 0000
0000 0000 0000 0000 0000 0000 0000 0000
0000 0000 0000 0000 0000 0000 0000 0000
0000 0000 0000 0000 0000 0000 0000 0000
0000 0000 0000 0000 0000 0000 0000 0000
0000 0000 0000 0000 0000 0000 0000 0000
0000 0000 0000 0000 0000 0000 0000 0000
0000 0000 0000 0000 0000 0000 0000 0000
0000 0000 0000 0000 0000 0000 0000 0000
0000 0000 0000 0000 0000 0000 0000 0000
0000 0000 0000 0000 0000 0000 0000 0000
0000 0000 0000 0000 0000 0000 0000 0000
0000 0000 0000 0000 0000 0000 0000 0000
0000 0000 0000 0000 0000 0000 0000 0000
0000 0000 0000 0000 0000 0000 0000 0000
0000 0000 0000 0000 0000 0000 0000 0000
0000 0000 0000 0000 0000 0000 0000 0000
0000 0000 0000 0000 0000 0000 0000 0000
0000 0000 0000 0000 0000 0000 0000 0000
0000 0000 0000 0000 0000 0000 0000 0000
0000 0000 0000 0000 0000 0000 0000 0000
0000 0000 0000 0000 0000 0000 0000 0000
0000 0000 0000 0000 0000 0000 0000 0000
0000 0000 0000 0000 0000 0000 0000 0000
0000 0000 0000 0000 0000 0000 0000 0000
0000 0000 0000 0000 0000 0000 0000 0000
0000 0000 0000 0000 0000 0000 0000 0000
0000 0000 0000 0000 0000 0000 0000 0000
0000 0000 0000 0000 0000 0000 0000 0000
0000 0000 0000 0000 0000 0000 0000 0000
0000 0000 0000 0000 0000 0000 0000 0000
0000 0000 0000 0000 0000 0000 0000 0000
0000 0000 0000 0000 0000 0000 0000 0000
0000 0000 0000 0000 0000 0000 0000 0000
0000 0000 0000 0000 0000 0000 0000 0000
0000 0000 0000 0000 0000 0000 0000 0000
0000 0000 0000 0000 0000 0000 0000 0000
0000 0000 0000 0000 0000 0000 0000 0000
0000 0000 0000 0000 0000 0000 0000 0000
0000 0000 0000 0000 0000 0000 0000 0000
0000 0000 0000 0000 0000 0000 0000 0000
0000 0000 0000 0000 0000 0000 0000 0000
0000 0000 0000 0000 0000 0000 0000 0000
0000 0000 0000 0000 0000 0000 0000 0000
0000 0000 0000 0000 0000 0000 0000 0000
0000 0000 0000 0000 0000 0000 0000 0000
0000 0000 0000 0000 0000 0000 0000 0000
0000 0000 0000 0000 0000 0000 0000 0000
0000 0000 0000 0000 0000 0000 0000 0000
0000 0000 0000 0000 0000 0000 0000 0000
0000 0000 0000 0000 0000 0000 0000 0000
0000 0000 0000 0000 0000 0000 0000 0000
0000 0000 0000 0000 0000 0000 0000 0000
0000 0000 0000 0000 0000 0000 0000 0000
0000 0000 0000 0000 0000 0000 0000 0000
0000 0000 0000 0000 0000 0000 0000 0000
0000 0000 0000 0000 0000 0000 0000 0000
0000 0000 0000 0000 0000 0000 0000 0000
0000 0000 0000 0000 0000 0000 0000 0000
0000 0000 0000 0000 0000 0000 0000 0000
0000 0000 0000 0000 0000 0000 0000 0000
0000 0000 0000 0000 0000 0000 0000 0000
0000 0000 0000 0000 0000 0000 0000 0000
0000 0000 0000 0000 0000 0000 0000 0000
0000 0000 0000 0001 0000 0000 0000 080b
0000 0000 0000 0000 0000 0000 0000 0000
0000 0000 0000 0000 0000 0000 0000 0000
0000 0000 0000 0000 0000 0000 0000 0000
0000 0000 0000 0000 0000 0000 0000 0000
0000 0000 0000 0000 0000 0000 0000 0000
0000 0000 0000 0000 0000 0000 0000 0000
0000 0000 0000 0000 0000 0000 0000 0000
0000 0000 0000 0000 0000 0000 0000 0000
0000 0000 0000 0000 0000 0000 0000 0000
0000 0000 0000 0000 0000 0000 0000 0000
0000 0000 0000 0000 0000 0000 0000 0000
0000 0000 0000 0000 0000 0000 0000 0000
0000 0000 0000 0000 0000 0000 0000 0000
0000 0000 0000 0000 0000 0000 0000 0000
0000 0000 0000 0000 0000 0000 0000 0000
0000 0000 0000 0000 0000 0000 0000 0000
0000 0000 0000 0000 0000 0000 0000 0000
0000 0000 0000 0000 0000 0000 0000 0000
0000 0000 0000 0000 0000 0000 0000 0000
0000 0000 0000 0000 0000 0000 0000 0000
0000 0000 0000 0000 0000 0000 0000 0000
0000 0000 0000 0000 0000 0000 0000 0000
0000 0000 0000 0000 0000 0000 0000 0000
0000 0000 0000 0000 0000 0000 0000 0000
0000 0000 0000 0000 0000 0000 0000 0000
0000 0000 0000 0000 0000 0000 0000 0000
0000 0000 0000 0000 0000 0000 0000 0000
0000 0000 0000 0000 0000 0000 0000 0000
0000 0000 0000 0000 0000 0000 0000 0000
0000 0000 0000 0000 0000 0000 0000 0000
0000 0000 0000 0000 0000 0000 0000 0000
0000 0000 0000 0000 0000 0000 0000 0000
0000 0000 0000 0000 0000 0000 0000 0000
0000 0000 0000 0000 0000 0000 0000 0000
0000 0000 0000 0000 0000 0000 0000 0000
0000 0000 0000 0000 0000 0000 0000 0000
0000 0000 0000 0000 0000 0000 0000 0000
0000 0000 0000 0000 0000 0000 0000 0000
0000 0000 0000 0000 0000 0000 0000 0000
0000 0000 0000 0000 0000 0000 0000 0000
0000 0000 0000 0000 0000 0000 0000 0000
0000 0000 0000 0000 0000 0000 0000 0000
0000 0000 0000 0000 0000 0000 0000 0000
0000 0000 0000 0000 0000 0000 0000 0000
0000 0000 0000 0000 0000 0000 0000 0000
0000 0000 0000 0000 0000 0000 0000 0000
0000 0000 0000 0000 0000 0000 0000 0000
0000 0000 0000 0000 0000 0000 0000 0000
0000 0000 0000 0000 0000 0000 0000 0000
0000 0000 0000 0000 0000 0000 0000 0000
0000 0000 0000 0000 0000 0000 0000 0000
0000 0000 0000 0000 0000 0000 0000 0000
0000 0000 0000 0000 0000 0000 0000 0000
0000 0000 0000 0000 0000 0000 0000 0000
0000 0000 0000 0000 0000 0000 0000 0000
0000 0000 0000 0000 0000 0000 0000 0000
0000 0000 0000 0000 0000 0000 0000 0000
0000 0000 0000 0000 0000 0000 0000 0000
0000 0000 0000 0000 0000 0000 0000 0000
0000 0000 0000 0000 0000 0000 0000 0000
0000 0000 0000 0000 0000 0000 0000 0000
0000 0000 0000 0000 0000 0000 0000 0000
0000 0000 0000 0000 0000 0000 0000 0000
0000 0000 0000 0000 0000 0000 0000 0000
0000 0000 0000 0000 0000 0000 0000 0000
0000 0000 0000 0001 0000 0020 0000 0001
0000 0040 0000 0001 0000 0080 0000 0001
0000 0100 0000 0001 0000 0200 0000 0001
0000 0400 0000 0000 0000 0001 0000 1000
0000 0001 0000 2000 0000 0001 0000 4000
0000 0001 0000 8000 0000 0001 0001 0000
0000 0001 0002 0000 0000 0001 0004 0000
0000 0001 0008 0000 0000 0001 0010 0000
0000 0001 0020 0000 0000 0001 0040 0000
0000 0001 0080 0000 0000 0001 0100 0000
0000 0001 0200 0000 0000 0001 0400 0000
0000 0001 0800 0000 0000 0001 1000 0000
0000 0001 2000 0000 0000 0001 4000 0000
0000 0000 0000 0000 0000 0000 0000 0000
0000 0000 0000 0000 0000 0000 0000 0000
0000 0000 0000 0000 0000 0000 0000 0000
0000 0000 0000 0000 0000 0000 0000 0000
0000 0000 0000 0000 0000 0000 0000 0000
0000 0000 0000 0000 0000 0000 0000 0000
0000 0000 0000 0000 0000 0000 0000 0000
0000 0000 0000 0000 0000 0000 0000 0000
0000 0000 0000 0000 0000 0000 0000 0000
0000 0000 0000 0000 0000 0000 0000 0000
0000 0000 0000 0000 0000 0000 0000 0000
0000 0000 0000 0000 0000 0000 0000 0000
0000 0000 0000 0000 0000 0000 0000 0000
0000 0000 0000 0000 0000 0000 0000 0000
0000 0000 0000 0000 0000 0000 0000 0000
0000 0000 0000 0000 0000 0000 0000 0000
0000 0000 0000 0000 0000 0000 0000 0000
0000 0000 0000 0000 0000 0000 0000 0000
0000 0000 0000 0000 0000 0000 0000 0000
0000 0000 0000 0000 0000 0000 0000 0000
0000 0000 0000 0000 0000 0000 0000 0000
0000 0000 0000 0000 0000 0000 0000 0000
0000 0000 0000 0000 0000 0000 0000 0000
0000 0000 0000 0000 0000 0000 0000 0000
0000 0000 0000 0000 0000 0000 0000 0000
0000 0000 0000 0000 0000 0000 0000 0000
0000 0000 0000 0000 0000 0000 0000 0000
0000 0000 0000 0000 0000 0000 0000 0000
0000 0000 0000 0000 0000 0000 0000 0000
0000 0000 0000 0000 0000 0000 0000 0000
0000 0000 0000 0000 0000 0000 0000 0000
0000 0000 0000 0000 0000 0000 0000 0000
0000 0000 0000 0000 0000 0000 0000 0000
0000 0000 0000 0000 0000 0000 0000 0000
0000 0000 0000 0000 0000 0000 0000 0000
0000 0000 0000 0000 0000 0000 0000 0000
0000 0000 0000 0000 0000 0000 0000 0000
0000 0000 0000 0000 0000 0000 0000 0000
0000 0000 0000 0000 0000 0000 0000 0000
0000 0000 0000 0000 0000 0000 0000 0000
0000 0000 0000 0000 0000 0000 0000 0000
0000 0000 0000 0000 0000 0000 0000 0000
0000 0000 0000 0000 0000 0000 0000 0000
0000 0000 0000 0000 0000 0000 0000 0000
0000 0000 0000 0000 0000 0000 0000 0000
0000 0000 0000 0000 0000 0000 0000 0000
0000 0000 0000 0000 0000 0000 0000 0000
0000 0000 0000 0000 0000 0000 0000 0000
0000 0000 0000 0000 0000 0000 0000 0000
0000 0000 0000 0000 0000 0014 0000 000b
005f 005f 0069 006e 0069 0074 005f 005f
002e 0070 0079 496c 6f63 626c 6f62 0000
0010 0000 003b 0000 0028 ffff ffff ffff
0000 0000 000c 005f 005f 0069 006e 0069
0074 005f 005f 002e 0070 0079 0063 496c
6f63 626c 6f62 0000 0010 0000 00a9 0000
0028 ffff ffff ffff 0000 0000 0003 0041
0070 0069 496c 6f63 626c 6f62 0000 0010
0000 0117 0000 0028 ffff ffff ffff 0000
0000 0003 0041 0070 0069 6277 7370 626c
6f62 0000 00c9 6270 6c69 7374 3030 d701
0203 0405 0607 0809 0908 090d 085d 5368
6f77 5374 6174 7573 4261 725b 5368 6f77
5369 6465 6261 725b 5368 6f77 546f 6f6c
6261 725b 5368 6f77 5461 6256 6965 775f
1014 436f 6e74 6169 6e65 7253 686f 7753
6964 6562 6172 5c57 696e 646f 7742 6f75
6e64 735b 5368 6f77 5061 7468 6261 7208
0909 0809 5f10 187b 7b31 3034 302c 2037
397d 2c20 7b37 3730 2c20 3438 377d 7d08
0817 2531 3d49 606d 797a 7b7c 7d7e 9900
0000 0000 0001 0100 0000 0000 0000 0f00
0000 0000 0000 0000 0000 0000 0000 9a00
0000 0300 4100 7000 696c 6731 5363 6f6d
7000 0000 0000 0065 af00 0000 0300 4100
7000 696d 6f44 4464 7574 6300 00d4 0964
a600 0000 0000 0300 4100 7000 696d 6f64
4464 7574 6300 00d4 0964 a600 0000 0000
0300 4100 7000 6970 6831 5363 6f6d 7000
0000 0000 00c0 0000 0000 0300 4100 7000
6976 5372 6e6c 6f6e 6700 0000 0100 0000
0300 6c00 6900 6249 6c6f 6362 6c6f 6200
0000 1000 0001 8500 0000 28ff ffff ffff
ff00 0000 0000 0300 6c00 6900 6262 7773
7062 6c6f 6200 0000 c962 706c 6973 7430
30d7 0102 0304 0506 0708 0909 0809 0d08
5d53 686f 7753 7461 7475 7342 6172 5b53
686f 7753 6964 6562 6172 5b53 686f 7754
6f6f 6c62 6172 5b53 686f 7754 6162 5669
6577 5f10 1443 6f6e 7461 696e 6572 5368
6f77 5369 6465 6261 725c 5769 6e64 6f77
426f 756e 6473 5b53 686f 7750 6174 6862
6172 0809 0908 095f 1018 7b7b 3232 312c
2033 3633 7d2c 207b 3737 302c 2034 3837
7d7d 0808 1725 313d 4960 6d79 7a7b 7c7d
7e99 0000 0000 0000 0101 0000 0000 0000
000f 0000 0000 0000 0000 0000 0000 0000
009a 0000 0003 006c 0069 0062 6c67 3153
636f 6d70 0000 0000 0084 63b9 0000 0003
006c 0069 0062 6c73 7643 626c 6f62 0000
02d4 6270 6c69 7374 3030 da01 0203 0405
0607 0809 0a0b 0c0d 1d4a 4b4c 4d4e 0c5f
1012 7669 6577 4f70 7469 6f6e 7356 6572
7369 6f6e 5f10 0f73 686f 7749 636f 6e50
7265 7669 6577 5763 6f6c 756d 6e73 5f10
1163 616c 6375 6c61 7465 416c 6c53 697a
6573 5f10 0f73 6372 6f6c 6c50 6f73 6974
696f 6e59 5874 6578 7453 697a 655f 100f
7363 726f 6c6c 506f 7369 7469 6f6e 585a
736f 7274 436f 6c75 6d6e 5869 636f 6e53
697a 655f 1010 7573 6552 656c 6174 6976
6544 6174 6573 1001 09ab 0e17 1f24 282d
3237 3c40 45d4 0f10 1112 1314 0c0c 5a69
6465 6e74 6966 6965 7255 7769 6474 6859
6173 6365 6e64 696e 6757 7669 7369 626c
6554 6e61 6d65 1101 2c09 09d4 0f18 191a
1b1c 1d1d 5577 6964 7468 5961 7363 656e
6469 6e67 5776 6973 6962 6c65 5875 6269
7175 6974 7910 2308 08d4 0f10 1112 2021
1d0c 5c64 6174 654d 6f64 6966 6965 6410
b508 09d4 0f10 1112 2521 1d1d 5b64 6174
6543 7265 6174 6564 0808 d40f 1011 1229
2a1d 0c54 7369 7a65 1061 0809 d40f 1011
122e 2f0c 0c54 6b69 6e64 1073 0909 d40f
1011 1233 340c 1d55 6c61 6265 6c10 6409
08d4 0f10 1112 3839 0c1d 5776 6572 7369
6f6e 104b 0908 d40f 1011 123d 140c 1d58
636f 6d6d 656e 7473 0908 d40f 1011 1241
421d 1d5e 6461 7465 4c61 7374 4f70 656e
6564 10c8 0808 d40f 1819 1a46 211d 1d59
6461 7465 4164 6465 6408 0808 2300 0000
0000 0000 0023 4028 0000 0000 0000 233f
f000 0000 0000 0054 6e61 6d65 2340 3000
0000 0000 0009 0008 001d 0032 0044 004c
0060 0072 007b 008d 0098 00a1 00b4 00b6
00b7 00c3 00cc 00d7 00dd 00e7 00ef 00f4
00f7 00f8 00f9 0102 0108 0112 011a 0123
0125 0126 0127 0130 013d 013f 0140 0141
014a 0156 0157 0158 0161 0166 0168 0169
016a 0173 0178 017a 017b 017c 0185 018b
018d 018e 018f 0198 01a0 01a2 01a3 01a4
01ad 01b6 01b7 01b8 01c1 01d0 01d2 01d3
01d4 01dd 01e7 01e8 01e9 01ea 01f3 01fc
0205 020a 0213 0000 0000 0000 0201 0000
0000 0000 0050 0000 0000 0000 0000 0000
0000 0000 0214 0000 0003 006c 0069 0062
6c73 7670 626c 6f62 0000 029b 6270 6c69
7374 3030 da01 0203 0405 0607 0809 0a0b
0c0d 1c46 4748 494a 0c5f 1012 7669 6577
4f70 7469 6f6e 7356 6572 7369 6f6e 5f10
0f73 686f 7749 636f 6e50 7265 7669 6577
5763 6f6c 756d 6e73 5f10 1163 616c 6375
6c61 7465 416c 6c53 697a 6573 5f10 0f73
6372 6f6c 6c50 6f73 6974 696f 6e59 5874
6578 7453 697a 655f 100f 7363 726f 6c6c
506f 7369 7469 6f6e 585a 736f 7274 436f
6c75 6d6e 5869 636f 6e53 697a 655f 1010
7573 6552 656c 6174 6976 6544 6174 6573
1001 09d9 0e0f 1011 1213 1415 1617 2025
2a2f 3439 3e42 5863 6f6d 6d65 6e74 735e
6461 7465 4c61 7374 4f70 656e 6564 5b64
6174 6543 7265 6174 6564 5473 697a 6555
6c61 6265 6c54 6b69 6e64 5776 6572 7369
6f6e 546e 616d 655c 6461 7465 4d6f 6469
6669 6564 d418 191a 1b1c 1d0c 1f57 7669
7369 626c 6555 7769 6474 6859 6173 6365
6e64 696e 6755 696e 6465 7808 1101 2c09
1007 d418 191a 1b1c 221c 2408 10c8 0810
08d4 1819 1a1b 1c27 1c29 0810 b508 1002
d418 191a 1b0c 2c1c 2e09 1061 0810 03d4
1819 1a1b 1c31 0c33 0810 6409 1005 d418
191a 1b0c 360c 3809 1073 0910 04d4 1819
1a1b 1c3b 0c3d 0810 4b09 1006 d418 191a
1b0c 1d0c 4109 0910 00d4 1819 1a1b 0c27
1c0b 0908 0823 0000 0000 0000 0000 2340
2800 0000 0000 0023 3ff0 0000 0000 0000
546e 616d 6523 4030 0000 0000 0000 0900
0800 1d00 3200 4400 4c00 6000 7200 7b00
8d00 9800 a100 b400 b600 b700 ca00 d300
e200 ee00 f300 f900 fe01 0601 0b01 1801
2101 2901 2f01 3901 3f01 4001 4301 4401
4601 4f01 5001 5201 5301 5501 5e01 5f01
6101 6201 6401 6d01 6e01 7001 7101 7301
7c01 7d01 7f01 8001 8201 8b01 8c01 8e01
8f01 9101 9a01 9b01 9d01 9e01 a001 a901
aa01 ab01 ad01 b601 b701 b801 b901 c201
cb01 d401 d901 e200 0000 0000 0002 0100
0000 0000 0000 4c00 0000 0000 0000 0000
0000 0000 0001 e300 0000 0300 6c00 6900
626d 6f44 4464 7574 6300 00d3 a79b b900
0000 0000 0300 6c00 6900 626d 6f64 4464
7574 6300 00d3 a79b b900 0000 0000 0300
6c00 6900 6270 6831 5363 6f6d 7000 0000
0000 8e10 0000 0000 0300 6c00 6900 6276
5372 6e6c 6f6e 6700 0000 0100 0000 0a00
4c00 6900 6e00 6500 4100 7000 6900 2e00
7000 7949 6c6f 6362 6c6f 6200 0000 1000
0001 f300 0000 28ff ffff ffff ff00 0000
0000 0b00 4c00 6900 6e00 6500 4100 7000
6900 2e00 7000 7900 6349 6c6f 6362 6c6f
6200 0000 1000 0000 3b00 0000 a6ff ffff
ffff ff00 0000 0000 0000 0000 0000 0000
0000 0000 0000 0000 0000 0000 0000 0000
0000 0000 0000 0000 0000 0000 0000 0000
0000 0000 0000 0000 0000 0000 0000 0000
0000 0000 0000 0000 0000 0000 0000 0000
0000 0000 0000 0000 0000 0000 0000 0000
0000 0000 0000 0000 0000 0000 0000 0000
0000 0000 0000 0000 0000 0000 0000 0000
0000 0000 0000 0000 0000 0000 0000 0000
0000 0000 0000 0000 0000 0000 0000 0000
0000 0000 0000 0000 0000 0000 0000 0000
0000 0000 0000 0000 0000 0000 0000 0000
0000 0000 0000 0000 0000 0000 0000 0000
0000 0000 0000 0000 0000 0000 0000 0000
0000 0000 0000 0000 0000 0000 0000 0000
0000 0000 0000 0000 0000 0000 0000 0000
0000 0000 0000 0000 0000 0000 0000 0000
0000 0000 0000 0000 0000 0000 0000 0000
0000 0000 0000 0000 0000 0000 0000 0000
0000 0000 0000 0000 0000 0000 0000 0000
0000 0000 0000 0000 0000 0000 0000 0000
0000 0000 0000 0000 0000 0000 0000 0000
0000 0000 0000 0000 0000 0000 0000 0000
0000 0000 0000 0000 0000 0000 0000 0000
0000 0000 0000 0000 0000 0000 0000 0000
0000 0000 0000 0000 0000 0000 0000 0000
0000 0000 0000 0000 0000 0000 0000 0000
0000 0000 0000 0000 0000 0000 0000 0000
0000 0000 0000 0000 0000 0000 0000 0000
0000 0000 0000 0000 0000 0000 0000 0000
0000 0000 0000 0000 0000 0000 0000 0000
0000 0000 0000 0000 0000 0000 0000 0000
0000 0000 0000 0000 0000 0000 0000 0000
0000 0000 0000 0000 0000 0000 0000 0000
0000 0000 0000 0000 0000 0000 0000 0000
0000 0000 0000 0000 0000 0000 0000 0000
0000 0000 0000 0000 0000 0000 0000 0000
0000 0000 0000 0000 0000 0000 0000 0000
0000 0000 0000 0000 0000 0000 0000 0000
0000 0000 0000 0000 0000 0000 0000 0000
0000 0000 0000 0000 0000 0000 0000 0000
0000 0000 0000 0000 0000 0000 0000 0000
0000 0000 0000 0000 0000 0000 0000 0000
0000 0000 0000 0000 0000 0000 0000 0000
0000 0000 0000 0000 0000 0000 0000 0000
0000 0000 0000 0000 0000 0000 0000 0000
0000 0000 0000 0000 0000 0000 0000 0000
0000 0000 0000 0000 0000 0000 0000 0000
0000 0000 0000 0000 0000 0000 0000 0000
0000 0000 0000 0000 0000 0000 0000 0000
0000 0000 0000 0000 0000 0000 0000 0000
0000 0000 0000 0000 0000 0000 0000 0000
0000 0000 0000 0000 0000 0000 0000 0000
0000 0000 0000 0000 0000 0000 0000 0000
0000 0000 0000 0000 0000 0000 0000 0000
0000 0000 0000 0000 0000 0000 0000 0000
0000 0000 0000 0000 0000 0000 0000 0000
0000 0000 0000 0000 0000 0000 0000 0000
0000 0000 0000 0000 0000 0000 0000 0000
0000 0000 0000 0000 0000 0000 0000 0000
0000 0000 0000 0000 0000 0000 0000 0000
0000 0000 0000 0000 0000 0000 0000 0000
0000 0000 0000 0000 0000 0000 0000 0000
0000 0000 0000 0000 0000 0000 0000 0000
0000 0000 0000 0000 0000 0000 0000 0000
0000 0000 0000 0000 0000 0000 0000 0000
0000 0000 0000 0000 0000 0000 0000 0000
0000 0000 0000 0000 0000 0000 0000 0000
0000 0000 0000 0000 0000 0000 0000 0000
0000 0000 0000 0000 0000 0000 0000 0000
0000 0000 0000 0000 0000 0000 0000 0000
0000 0000 0000 0000 0000 0000 0000 0000
0000 0000 0000 0000 0000 0000 0000 0000
0000 0000 0000 0000 0000 0000 0000 0000
0000 0000 0000 0000 0000 0000 0000 0000
0000 0000 0000 0000 0000 0000 0000 0000
0000 0000 0000 0000 0000 0000 0000 0000
0000 0000 0000 0000 0000 0000 0000 0000
0000 0000 0000 0000 0000 0000 0000 0000
0000 0000 0000 0000 0000 0000 0000 0000
0000 0000 0000 0000 0000 0000 0000 0000
0000 0000 0000 0000 0000 0000 0000 0000
0000 0000 0000 0000 0000 0000 0000 0000
0000 0000 0000 0000 0000 0000 0000 0000
0000 0000 0000 0000 0000 0000 0000 0000
0000 0000 0000 0000 0000 0000 0000 0000
0000 0000 0000 0000 0000 0000 0000 0000
0000 0000 0000 0000 0000 0000 0000 0000
0000 0000 0000 0000 0000 0000 0000 0000
0000 0000 0000 0000 0000 0000 0000 0000
0000 0000 0000 0000 0000 0000 0000 0000
0000 0000 0000 0000 0000 0000 0000 0000
0000 0000 0000 0000 0000 0000 0000 0000
0000 0000 0000 0000 0000 0000 0000 0000
0000 0000 0000 0000 0000 0000 0000 0000
0000 0000 0000 0000 0000 0000 0000 0000
0000 0000 0000 0000 0000 0000 0000 0000
0000 0000 0000 0000 0000 0000 0000 0000
0000 0000 0000 0000 0000 0000 0000 0000
0000 0000 0000 0000 0000 0000 0000 0000
0000 0000 0000 0000 0000 0000 0000 0000
0000 0000 0000 0000 0000 0000 0000 0000
0000 0000 0000 0000 0000 0000 0000 0000
0000 0000 0000 0000 0000 0000 0000 0000
0000 0000 0000 0003 0000 0000 0000 200b
0000 0045 0000 100c 0000 0000 0000 0000
0000 0000 0000 0000 0000 0000 0000 0000
0000 0000 0000 0000 0000 0000 0000 0000
0000 0000 0000 0000 0000 0000 0000 0000
0000 0000 0000 0000 0000 0000 0000 0000
0000 0000 0000 0000 0000 0000 0000 0000
0000 0000 0000 0000 0000 0000 0000 0000
0000 0000 0000 0000 0000 0000 0000 0000
0000 0000 0000 0000 0000 0000 0000 0000
0000 0000 0000 0000 0000 0000 0000 0000
0000 0000 0000 0000 0000 0000 0000 0000
0000 0000 0000 0000 0000 0000 0000 0000
0000 0000 0000 0000 0000 0000 0000 0000
0000 0000 0000 0000 0000 0000 0000 0000
0000 0000 0000 0000 0000 0000 0000 0000
0000 0000 0000 0000 0000 0000 0000 0000
0000 0000 0000 0000 0000 0000 0000 0000
0000 0000 0000 0000 0000 0000 0000 0000
0000 0000 0000 0000 0000 0000 0000 0000
0000 0000 0000 0000 0000 0000 0000 0000
0000 0000 0000 0000 0000 0000 0000 0000
0000 0000 0000 0000 0000 0000 0000 0000
0000 0000 0000 0000 0000 0000 0000 0000
0000 0000 0000 0000 0000 0000 0000 0000
0000 0000 0000 0000 0000 0000 0000 0000
0000 0000 0000 0000 0000 0000 0000 0000
0000 0000 0000 0000 0000 0000 0000 0000
0000 0000 0000 0000 0000 0000 0000 0000
0000 0000 0000 0000 0000 0000 0000 0000
0000 0000 0000 0000 0000 0000 0000 0000
0000 0000 0000 0000 0000 0000 0000 0000
0000 0000 0000 0000 0000 0000 0000 0000
0000 0000 0000 0000 0000 0000 0000 0000
0000 0000 0000 0000 0000 0000 0000 0000
0000 0000 0000 0000 0000 0000 0000 0000
0000 0000 0000 0000 0000 0000 0000 0000
0000 0000 0000 0000 0000 0000 0000 0000
0000 0000 0000 0000 0000 0000 0000 0000
0000 0000 0000 0000 0000 0000 0000 0000
0000 0000 0000 0000 0000 0000 0000 0000
0000 0000 0000 0000 0000 0000 0000 0000
0000 0000 0000 0000 0000 0000 0000 0000
0000 0000 0000 0000 0000 0000 0000 0000
0000 0000 0000 0000 0000 0000 0000 0000
0000 0000 0000 0000 0000 0000 0000 0000
0000 0000 0000 0000 0000 0000 0000 0000
0000 0000 0000 0000 0000 0000 0000 0000
0000 0000 0000 0000 0000 0000 0000 0000
0000 0000 0000 0000 0000 0000 0000 0000
0000 0000 0000 0000 0000 0000 0000 0000
0000 0000 0000 0000 0000 0000 0000 0000
0000 0000 0000 0000 0000 0000 0000 0000
0000 0000 0000 0000 0000 0000 0000 0000
0000 0000 0000 0000 0000 0000 0000 0000
0000 0000 0000 0000 0000 0000 0000 0000
0000 0000 0000 0000 0000 0000 0000 0000
0000 0000 0000 0000 0000 0000 0000 0000
0000 0000 0000 0000 0000 0000 0000 0000
0000 0000 0000 0000 0000 0000 0000 0000
0000 0000 0000 0000 0000 0000 0000 0000
0000 0000 0000 0000 0000 0000 0000 0000
0000 0000 0000 0000 0000 0000 0000 0000
0000 0000 0000 0000 0000 0000 0000 0000
0000 0000 0000 0000 0000 0000 0000 0001
0444 5344 4200 0000 0100 0000 0000 0000
0000 0000 0000 0000 0000 0000 0000 0000
0200 0000 2000 0000 6000 0000 0000 0000
0100 0000 8000 0000 0100 0001 0000 0000
0100 0002 0000 0000 0100 0004 0000 0000
0200 0008 0000 0028 0000 0000 0100 0030
0000 0000 0000 0000 0100 0040 0000 0000
0100 0080 0000 0000 0100 0100 0000 0000
0100 0200 0000 0000 0100 0400 0000 0000
0100 0800 0000 0000 0100 1000 0000 0000
0100 2000 0000 0000 0100 4000 0000 0000
0100 8000 0000 0000 0101 0000 0000 0000
0102 0000 0000 0000 0104 0000 0000 0000
0108 0000 0000 0000 0110 0000 0000 0000
0120 0000 0000 0000 0140 0000 0000 0000
0064 10c8 0808 d40f 1819 1a46 211d 1d59
6461 7465 4164 6465 6408 0808 2300 0000
0000 0000 0023 4028 0000 0000 0000 233f
f000 0000 0000 0054 6e61 6d65 2340 3000
0000 0000 0009 0008 001d 0032 0044 004c
0060 0072 007b 008d 0098 00a1 00b4 00b6
00b7 00c3 00cc 00d7 00dd 00e7 00ef 00f4
00f7 00f8 00f9 0102 0108 0112 011a 0123
0125 0126 0127 0130 013d 013f 0140 0141
014a 0156 0157 0158 0161 0166 0168 0169
016a 0173 0178 017a 017b 017c 0185 018b
018d 018e 018f 0198 01a0 01a2 01a3 01a4
01ad 01b6 01b7 01b8 01c1 01d0 01d2 01d3
01d4 01dd 01e7 01e8 01e9 01ea 01f3 01fc
0205 020a 0213 0000 0000 0000 0201 0000
0000 0000 0050 0000 0000 0000 0000 0000
0000 0000 0214 0000 0003 006c 0069 0062
6c73 7670 626c 6f62 0000 029b 6270 6c69
7374 3030 da01 0203 0405 0607 0809 0a0b
0c0d 1c46 4748 494a 0c5f 1012 7669 6577
4f70 7469 6f6e 7356 6572 7369 6f6e 5f10
0f73 686f 7749 636f 6e50 7265 7669 6577
5763 6f6c 756d 6e73 5f10 1163 616c 6375
6c61 7465 416c 6c53 697a 6573 5f10 0f73
6372 6f6c 6c50 6f73 6974 696f 6e59 5874
6578 7453 697a 655f 100f 7363 726f 6c6c
506f 7369 7469 6f6e 585a 736f 7274 436f
6c75 6d6e 5869 636f 6e53 697a 655f 1010
7573 6552 656c 6174 6976 6544 6174 6573
1001 09d9 0e0f 1011 1213 1415 1617 2025
2a2f 3439 3e42 5863 6f6d 6d65 6e74 735e
6461 7465 4c61 7374 4f70 656e 6564 5b64
6174 6543 7265 6174 6564 5473 697a 6555
6c61 6265 6c54 6b69 6e64 5776 6572 7369
6f6e 546e 616d 655c 6461 7465 4d6f 6469
6669 6564 d418 191a 1b1c 1d0c 1f57 7669
7369 626c 6555 7769 6474 6859 6173 6365
6e64 696e 6755 696e 6465 7808 1101 2c09
1007 d418 191a 1b1c 221c 2408 10c8 0810
08d4 1819 1a1b 1c27 1c29 0810 b508 1002
d418 191a 1b0c 2c1c 2e09 1061 0810 03d4
1819 1a1b 1c31 0c33 0810 6409 1005 d418
191a 1b0c 360c 3809 1073 0910 04d4 1819
1a1b 1c3b 0c3d 0810 4b09 1006 d418 191a
1b0c 1d0c 4109 0910 00d4 1819 1a1b 0c27
1c0b 0908 0823 0000 0000 0000 0000 2340
2800 0000 0000 0023 3ff0 0000 0000 0000
546e 616d 6523 4030 0000 0000 0000 0900
0800 1d00 
