0000 0001 4275 6431 0000 3000 0000 0800
0000 3000 0000 100c 0000 0209 0000 200c
0000 0000 0000 0000 0000 0000 0000 0800
0000 0800 0000 0000 0000 0000 0000 0000
0000 0000 0000 0003 0000 0001 0000 001b
0000 0003 0000 1000 0061 6963 7670 626c
6f62 0000 0000 0000 0000 0000 0000 0000
0000 0000 0000 0000 0000 0000 0000 0000
0000 0000 0000 0000 0000 0000 0000 0000
0000 0000 0000 0000 0000 0000 0000 0000
0000 0000 0000 0000 0000 0000 0000 0000
0000 0000 0000 0000 0000 0000 0000 0000
0000 0000 0000 0000 0000 0000 0000 0000
0000 0000 0000 0000 0000 0000 0000 0000
0000 0000 0000 0000 0000 0000 0000 0000
0000 0000 0000 0000 0000 0000 0000 0000
0000 0000 0000 0000 0000 0000 0000 0000
0000 0000 0000 0000 0000 0000 0000 0000
0000 0000 0000 0000 0000 0000 0000 0000
0000 0000 0000 0000 0000 0000 0000 0000
0000 0000 0000 0000 0000 0000 0000 0000
0000 0000 0000 0000 0000 0000 0000 0000
0000 0000 0000 0000 0000 0000 0000 0000
0000 0000 0000 0000 0000 0000 0000 0000
0000 0000 0000 0000 0000 0000 0000 0000
0000 0000 0000 0000 0000 0000 0000 0000
0000 0000 0000 0000 0000 0000 0000 0000
0000 0000 0000 0000 0000 0000 0000 0000
0000 0000 0000 0000 0000 0000 0000 0000
0000 0000 0000 0000 0000 0000 0000 0000
0000 0000 0000 0000 0000 0000 0000 0000
0000 0000 0000 0000 0000 0000 0000 0000
0000 0000 0000 0002 0000 0001 0000 0004
0000 0003 0072 0073 0061 6963 7670 626c
6f62 0000 01be 6270 6c69 7374 3030 df10
1001 0203 0405 0607 0809 0a0b 0c0d 0e0f
1011 1213 1114 1115 1516 1718 1519 1a1b
1a5f 1013 6261 636b 6772 6f75 6e64 436f
6c6f 7242 6c75 655b 6772 6964 5370 6163
696e 6758 7465 7874 5369 7a65 5f10 1262
6163 6b67 726f 756e 6443 6f6c 6f72 5265
645e 6261 636b 6772 6f75 6e64 5479 7065
5f10 1462 6163 6b67 726f 756e 6443 6f6c
6f72 4772 6565 6e5b 6772 6964 4f66 6673
6574 585b 6772 6964 4f66 6673 6574 595f
100f 7363 726f 6c6c 506f 7369 7469 6f6e
595c 7368 6f77 4974 656d 496e 666f 5f10
1276 6965 774f 7074 696f 6e73 5665 7273
696f 6e5f 100f 7363 726f 6c6c 506f 7369
7469 6f6e 5859 6172 7261 6e67 6542 795d
6c61 6265 6c4f 6e42 6f74 746f 6d58 6963
6f6e 5369 7a65 5f10 0f73 686f 7749 636f
6e50 7265 7669 6577 233f f000 0000 0000
0023 404b 0000 0000 0000 2340 2800 0000
0000 0010 0023 0000 0000 0000 0000 2340
8240 0000 0000 0008 1001 546e 6f6e 6509
2340 5000 0000 0000 0009 0008 002b 0041
004d 0056 006b 007a 0091 009d 00a9 00bb
00c8 00dd 00ef 00f9 0107 0110 0122 012b
0134 013d 013f 0148 0151 0152 0154 0159
015a 0163 0000 0000 0000 0201 0000 0000
0000 001d 0000 0000 0000 0000 0000 0000
0000 0164 6361 6c63 756c 6174 6541 6c6c
5369 7a65 735f 100f 7363 726f 6c6c 506f
7369 7469 0000 0000 0000 0000 0000 0000
0000 0000 0000 0000 0000 0000 0000 0000
0000 0000 0000 0000 0000 0000 0000 0000
0000 0000 0000 0000 0000 0000 0000 0000
0000 0000 0000 0000 0000 0000 0000 0000
0000 0000 0000 0000 0000 0000 0000 0000
0000 0000 0000 0000 0000 0000 0000 0000
0000 0000 0000 0000 0000 0000 0000 0000
0000 0000 0000 0000 0000 0000 0000 0000
0000 0000 0000 0000 0000 0000 0000 0000
0000 0000 0000 0000 0000 0000 0000 0000
0000 0000 0000 0000 0000 0000 0000 0000
0000 0000 0000 0000 0000 0000 0000 0000
0000 0000 0000 0000 0000 0000 0000 0000
0000 0000 0000 0000 0000 0000 0000 0000
0000 0000 0000 0000 0000 0000 0000 0000
0000 0000 0000 0000 0000 0000 0000 0000
0000 0000 0000 0000 0000 0000 0000 0000
0000 0000 0000 0000 0000 0000 0000 0000
0000 0000 0000 0000 0000 0000 0000 0000
0000 0000 0000 0000 0000 0000 0000 0000
0000 0000 0000 0000 0000 0000 0000 0000
0000 0000 0000 0000 0000 0000 0000 0000
0000 0000 0000 0000 0000 0000 0000 0000
0000 0000 0000 0000 0000 0000 0000 0000
0000 0000 0000 0000 0000 0000 0000 0000
0000 0000 0000 0000 0000 0000 0000 0000
0000 0000 0000 0000 0000 0000 0000 0000
0000 0000 0000 0000 0000 0000 0000 0000
0000 0000 0000 0000 0000 0000 0000 0000
0000 0000 0000 0000 0000 0000 0000 0000
0000 0000 0000 0000 0000 0000 0000 0000
0000 0000 0000 0000 0000 0000 0000 0000
0000 0000 0000 0000 0000 0000 0000 0000
0000 0000 0000 0000 0000 0000 0000 0000
0000 0000 0000 0000 0000 0000 0000 0000
0000 0000 0000 0000 0000 0000 0000 0000
0000 0000 0000 0000 0000 0000 0000 0000
0000 0000 0000 0000 0000 0000 0000 0000
0000 0000 0000 0000 0000 0000 0000 0000
0000 0000 0000 0000 0000 0000 0000 0000
0000 0000 0000 0000 0000 0000 0000 0000
0000 0000 0000 0000 0000 0000 0000 0000
0000 0000 0000 0000 0000 0000 0000 0000
0000 0000 0000 0000 0000 0000 0000 0000
0000 0000 0000 0000 0000 0000 0000 0000
0000 0000 0000 0000 0000 0000 0000 0000
0000 0000 0000 0000 0000 0000 0000 0000
0000 0000 0000 0000 0000 0000 0000 0000
0000 0000 0000 0000 0000 0000 0000 0000
0000 0000 0000 0000 0000 0000 0000 0000
0000 0000 0000 0000 0000 0000 0000 0000
0000 0000 0000 0000 0000 0000 0000 0000
0000 0000 0000 0000 0000 0000 0000 0000
0000 0000 0000 0000 0000 0000 0000 0000
0000 0000 0000 0000 0000 0000 0000 0000
0000 0000 0000 0000 0000 0000 0000 0000
0000 0000 0000 0000 0000 0000 0000 0000
0000 0000 0000 0000 0000 0000 0000 0000
0000 0000 0000 0000 0000 0000 0000 0000
0000 0000 0000 0000 0000 0000 0000 0000
0000 0000 0000 0000 0000 0000 0000 0000
0000 0000 0000 0000 0000 0000 0000 0000
0000 0000 0000 0000 0000 0000 0000 0000
0000 0000 0000 0001 0000 0000 0000 080b
0000 0000 0000 0000 0000 0000 0000 0000
0000 0000 0000 0000 0000 0000 0000 0000
0000 0000 0000 0000 0000 0000 0000 0000
0000 0000 0000 0000 0000 0000 0000 0000
0000 0000 0000 0000 0000 0000 0000 0000
0000 0000 0000 0000 0000 0000 0000 0000
0000 0000 0000 0000 0000 0000 0000 0000
0000 0000 0000 0000 0000 0000 0000 0000
0000 0000 0000 0000 0000 0000 0000 0000
0000 0000 0000 0000 0000 0000 0000 0000
0000 0000 0000 0000 0000 0000 0000 0000
0000 0000 0000 0000 0000 0000 0000 0000
0000 0000 0000 0000 0000 0000 0000 0000
0000 0000 0000 0000 0000 0000 0000 0000
0000 0000 0000 0000 0000 0000 0000 0000
0000 0000 0000 0000 0000 0000 0000 0000
0000 0000 0000 0000 0000 0000 0000 0000
0000 0000 0000 0000 0000 0000 0000 0000
0000 0000 0000 0000 0000 0000 0000 0000
0000 0000 0000 0000 0000 0000 0000 0000
0000 0000 0000 0000 0000 0000 0000 0000
0000 0000 0000 0000 0000 0000 0000 0000
0000 0000 0000 0000 0000 0000 0000 0000
0000 0000 0000 0000 0000 0000 0000 0000
0000 0000 0000 0000 0000 0000 0000 0000
0000 0000 0000 0000 0000 0000 0000 0000
0000 0000 0000 0000 0000 0000 0000 0000
0000 0000 0000 0000 0000 0000 0000 0000
0000 0000 0000 0000 0000 0000 0000 0000
0000 0000 0000 0000 0000 0000 0000 0000
0000 0000 0000 0000 0000 0000 0000 0000
0000 0000 0000 0000 0000 0000 0000 0000
0000 0000 0000 0000 0000 0000 0000 0000
0000 0000 0000 0000 0000 0000 0000 0000
0000 0000 0000 0000 0000 0000 0000 0000
0000 0000 0000 0000 0000 0000 0000 0000
0000 0000 0000 0000 0000 0000 0000 0000
0000 0000 0000 0000 0000 0000 0000 0000
0000 0000 0000 0000 0000 0000 0000 0000
0000 0000 0000 0000 0000 0000 0000 0000
0000 0000 0000 0000 0000 0000 0000 0000
0000 0000 0000 0000 0000 0000 0000 0000
0000 0000 0000 0000 0000 0000 0000 0000
0000 0000 0000 0000 0000 0000 0000 0000
0000 0000 0000 0000 0000 0000 0000 0000
0000 0000 0000 0000 0000 0000 0000 0000
0000 0000 0000 0000 0000 0000 0000 0000
0000 0000 0000 0000 0000 0000 0000 0000
0000 0000 0000 0000 0000 0000 0000 0000
0000 0000 0000 0000 0000 0000 0000 0000
0000 0000 0000 0000 0000 0000 0000 0000
0000 0000 0000 0000 0000 0000 0000 0000
0000 0000 0000 0000 0000 0000 0000 0000
0000 0000 0000 0000 0000 0000 0000 0000
0000 0000 0000 0000 0000 0000 0000 0000
0000 0000 0000 0000 0000 0000 0000 0000
0000 0000 0000 0000 0000 0000 0000 0000
0000 0000 0000 0000 0000 0000 0000 0000
0000 0000 0000 0000 0000 0000 0000 0000
0000 0000 0000 0000 0000 0000 0000 0000
0000 0000 0000 0000 0000 0000 0000 0000
0000 0000 0000 0000 0000 0000 0000 0000
0000 0000 0000 0000 0000 0000 0000 0000
0000 0000 0000 0000 0000 0000 0000 0000
0000 0000 0000 0000 0000 0000 0000 0000
0000 0000 0000 0001 0000 0020 0000 0001
0000 0040 0000 0001 0000 0080 0000 0001
0000 0100 0000 0001 0000 0200 0000 0001
0000 0400 0000 0000 0000 0001 0000 1000
0000 0001 0000 2000 0000 0001 0000 4000
0000 0001 0000 8000 0000 0001 0001 0000
0000 0001 0002 0000 0000 0001 0004 0000
0000 0001 0008 0000 0000 0001 0010 0000
0000 0001 0020 0000 0000 0001 0040 0000
0000 0001 0080 0000 0000 0001 0100 0000
0000 0001 0200 0000 0000 0001 0400 0000
0000 0001 0800 0000 0000 0001 1000 0000
0000 0001 2000 0000 0000 0001 4000 0000
0000 0000 0000 0000 0000 0000 0000 0000
0000 0000 0000 0000 0000 0000 0000 0000
0000 0000 0000 0000 0000 0000 0000 0000
0000 0000 0000 0000 0000 0000 0000 0000
0000 0000 0000 0000 0000 0000 0000 0000
0000 0000 0000 0000 0000 0000 0000 0000
0000 0000 0000 0000 0000 0000 0000 0000
0000 0000 0000 0000 0000 0000 0000 0000
0000 0000 0000 0000 0000 0000 0000 0000
0000 0000 0000 0000 0000 0000 0000 0000
0000 0000 0000 0000 0000 0000 0000 0000
0000 0000 0000 0000 0000 0000 0000 0000
0000 0000 0000 0000 0000 0000 0000 0000
0000 0000 0000 0000 0000 0000 0000 0000
0000 0000 0000 0000 0000 0000 0000 0000
0000 0000 0000 0000 0000 0000 0000 0000
0000 0000 0000 0000 0000 0000 0000 0000
0000 0000 0000 0000 0000 0000 0000 0000
0000 0000 0000 0000 0000 0000 0000 0000
0000 0000 0000 0000 0000 0000 0000 0000
0000 0000 0000 0000 0000 0000 0000 0000
0000 0000 0000 0000 0000 0000 0000 0000
0000 0000 0000 0000 0000 0000 0000 0000
0000 0000 0000 0000 0000 0000 0000 0000
0000 0000 0000 0000 0000 0000 0000 0000
0000 0000 0000 0000 0000 0000 0000 0000
0000 0000 0000 0000 0000 0000 0000 0000
0000 0000 0000 0000 0000 0000 0000 0000
0000 0000 0000 0000 0000 0000 0000 0000
0000 0000 0000 0000 0000 0000 0000 0000
0000 0000 0000 0000 0000 0000 0000 0000
0000 0000 0000 0000 0000 0000 0000 0000
0000 0000 0000 0000 0000 0000 0000 0000
0000 0000 0000 0000 0000 0000 0000 0000
0000 0000 0000 0000 0000 0000 0000 0000
0000 0000 0000 0000 0000 0000 0000 0000
0000 0000 0000 0000 0000 0000 0000 0000
0000 0000 0000 0000 0000 0000 0000 0000
0000 0000 0000 0000 0000 0000 0000 0000
0000 0000 0000 0000 0000 0000 0000 0000
0000 0000 0000 0000 0000 0000 0000 0000
0000 0000 0000 0000 0000 0000 0000 0000
0000 0000 0000 0000 0000 0000 0000 0000
0000 0000 0000 0000 0000 0000 0000 0000
0000 0000 0000 0000 0000 0000 0000 0000
0000 0000 0000 0000 0000 0000 0000 0000
0000 0000 0000 0000 0000 0000 0000 0000
0000 0000 0000 0000 0000 0000 0000 0000
0000 0000 0000 0000 0000 0000 0000 0000
0000 0000 0000 0000 0000 000b 0000 0003
0072 0073 0061 6c73 7650 626c 6f62 0000
02ac 6270 6c69 7374 3030 da01 0203 0405
0607 0809 0a0b 0c0d 1a45 4647 130c 4958
6963 6f6e 5369 7a65 5f10 0f73 686f 7749
636f 6e50 7265 7669 6577 5763 6f6c 756d
6e73 5f10 1163 616c 6375 6c61 7465 416c
6c53 697a 6573 5f10 0f73 6372 6f6c 6c50
6f73 6974 696f 6e59 5874 6578 7453 697a
655f 100f 7363 726f 6c6c 506f 7369 7469
6f6e 585a 736f 7274 436f 6c75 6d6e 5f10
1075 7365 5265 6c61 7469 7665 4461 7465
735f 1012 7669 6577 4f70 7469 6f6e 7356
6572 7369 6f6e 2340 3000 0000 0000 0009
aa0e 171c 2025 2a2f 3438 3dd4 0f10 1112
1314 0c0c 5a69 6465 6e74 6966 6965 7255
7769 6474 6859 6173 6365 6e64 696e 6757
7669 7369 626c 6554 6e61 6d65 1101 2c09
09d4 0f10 1112 1819 1a0c 5c64 6174 654d
6f64 6966 6965 6410 b508 09d4 0f10 1112
1d19 1a1a 5b64 6174 6543 7265 6174 6564
0808 d40f 1011 1221 221a 0c54 7369 7a65
1061 0809 d40f 1011 1226 270c 0c54 6b69
6e64 1073 0909 d40f 1011 122b 2c0c 1a55
6c61 6265 6c10 6409 08d4 0f10 1112 3031
0c1a 5776 6572 7369 6f6e 104b 0908 d40f
1011 1235 140c 1a58 636f 6d6d 656e 7473
0908 d40f 1011 1239 3a1a 1a5e 6461 7465
4c61 7374 4f70 656e 6564 10c8 0808 d40f
3e3f 4041 191a 1a55 7769 6474 6859 6173
6365 6e64 696e 6757 7669 7369 626c 6559
6461 7465 4164 6465 6408 0808 2340 7570
0000 0000 0023 4028 0000 0000 0000 2300
0000 0000 0000 0009 1001 0008 001d 0026
0038 0040 0054 0066 006f 0081 008c 009f
00b4 00bd 00be 00c9 00d2 00dd 00e3 00ed
00f5 00fa 00fd 00fe 00ff 0108 0115 0117
0118 0119 0122 012e 012f 0130 0139 013e
0140 0141 0142 014b 0150 0152 0153 0154
015d 0163 0165 0166 0167 0170 0178 017a
017b 017c 0185 018e 018f 0190 0199 01a8
01aa 01ab 01ac 01b5 01bb 01c5 01cd 01d7
01d8 01d9 01da 01e3 01ec 01f5 01f6 0000
0000 0000 0201 0000 0000 0000 004a 0000
0000 0000 0000 0000 0000 0000 01f8 0000
0003 0072 0073 0061 6c73 7670 626c 6f62
0000 0294 6270 6c69 7374 3030 da01 0203
0405 0607 0809 0a0b 0c0d 1f47 4849 150c
4358 6963 6f6e 5369 7a65 5f10 0f73 686f
7749 636f 6e50 7265 7669 6577 5763 6f6c
756d 6e73 5f10 1163 616c 6375 6c61 7465
416c 6c53 697a 6573 5f10 0f73 6372 6f6c
6c50 6f73 6974 696f 6e59 5874 6578 7453
697a 655f 100f 7363 726f 6c6c 506f 7369
7469 6f6e 585a 736f 7274 436f 6c75 6d6e
5f10 1075 7365 5265 6c61 7469 7665 4461
7465 735f 1012 7669 6577 4f70 7469 6f6e
7356 6572 7369 6f6e 2340 3000 0000 0000
0009 d90e 0f10 1112 1314 1516 1720 252a
2f34 393e 4258 636f 6d6d 656e 7473 5e64
6174 654c 6173 744f 7065 6e65 645b 6461
7465 4372 6561 7465 6454 7369 7a65 556c
6162 656c 546b 696e 6457 7665 7273 696f
6e54 6e61 6d65 5c64 6174 654d 6f64 6966
6965 64d4 1819 1a1b 1c1d 0c1f 5569 6e64
6578 5577 6964 7468 5961 7363 656e 6469
6e67 5776 6973 6962 6c65 1007 1101 2c09
08d4 1819 1a1b 2122 1f1f 1008 10c8 0808
d418 191a 1b26 271f 1f10 0210 b508 08d4
1819 1a1b 2b2c 1f0c 1003 1061 0809 d418
191a 1b30 310c 1f10 0510 6409 08d4 1819
1a1b 3536 0c0c 1004 1073 0909 d418 191a
1b3a 3b0c 1f10 0610 4b09 08d4 1819 1a1b
3f1d 0c0c 1000 0909 d418 191a 1b43 271f
0c10 0108 0908 2340 7570 0000 0000 0023
4028 0000 0000 0000 2300 0000 0000 0000
0009 0008 001d 0026 0038 0040 0054 0066
006f 0081 008c 009f 00b4 00bd 00be 00d1
00da 00e9 00f5 00fa 0100 0105 010d 0112
011f 0128 012e 0134 013e 0146 0148 014b
014c 014d 0156 0158 015a 015b 015c 0165
0167 0169 016a 016b 0174 0176 0178 0179
017a 0183 0185 0187 0188 0189 0192 0194
0196 0197 0198 01a1 01a3 01a5 01a6 01a7
01b0 01b2 01b3 01b4 01bd 01bf 01c0 01c1
01c2 01cb 01d4 01dd 0000 0000 0000 0201
0000 0000 0000 004b 0000 0000 0000 0000
0000 0000 0000 01de 0000 0003 0072 0073
0061 7653 726e 6c6f 6e67 0000 0001 0000
0007 0072 0073 0061 002e 007a 0069 0070
496c 6f63 626c 6f62 0000 0010 0000 00a9
0000 00a6 ffff ffff ffff 0000 0000 0006
0074 0068 0072 0069 0066 0074 496c 6f63
626c 6f62 0000 0010 0000 0117 0000 00a6
ffff ffff ffff 0000 0000 0006 0074 0068
0072 0069 0066 0074 6277 7370 626c 6f62
0000 00c9 6270 6c69 7374 3030 d701 0203
0405 0607 0809 0908 090d 085d 5368 6f77
5374 6174 7573 4261 725b 5368 6f77 5369
6465 6261 725b 5368 6f77 546f 6f6c 6261
725b 5368 6f77 5461 6256 6965 775f 1014
436f 6e74 6169 6e65 7253 686f 7753 6964
6562 6172 5c57 696e 646f 7742 6f75 6e64
735b 5368 6f77 5061 7468 6261 7208 0909
0809 5f10 187b 7b32 3231 2c20 3336 337d
2c20 7b37 3730 2c20 3438 377d 7d08 0817
2531 3d49 606d 797a 7b7c 7d7e 9900 0000
0000 0001 0100 0000 0000 0000 0f00 0000
0000 0000 0000 0000 0000 0000 9a00 0000
0600 7400 6800 7200 6900 6600 7469 6376
7062 6c6f 6200 0001 b362 706c 6973 7430
30df 1010 0102 0304 0506 0708 090a 0b0c
0d0e 0f10 1112 1311 1411 1515 1516 1715
1812 1a1b 5f10 1362 6163 6b67 726f 756e
6443 6f6c 6f72 426c 7565 5f10 0f73 686f
7749 636f 6e50 7265 7669 6577 5874 6578
7453 697a 655f 1012 6261 636b 6772 6f75
6e64 436f 6c6f 7252 6564 5e62 6163 6b67
726f 756e 6454 7970 655f 1014 6261 636b
6772 6f75 6e64 436f 6c6f 7247 7265 656e
5b67 7269 644f 6666 7365 7458 5f10 0f73
6372 6f6c 6c50 6f73 6974 696f 6e59 5b67
7269 644f 6666 7365 7459 5c73 686f 7749
7465 6d49 6e66 6f5f 1012 7669 6577 4f70
7469 6f6e 7356 6572 7369 6f6e 5f10 0f73
6372 6f6c 6c50 6f73 6974 696f 6e58 5961
7272 616e 6765 4279 5d6c 6162 656c 4f6e
426f 7474 6f6d 5869 636f 6e53 697a 655b
6772 6964 5370 6163 696e 6723 3ff0 0000
0000 0000 0923 4028 0000 0000 0000 1000
2300 0000 0000 0000 0008 1001 546e 6f6e
6509 2340 5000 0000 0000 0023 404b 0000
0000 0000 0008 002b 0041 0053 005c 0071
0080 0097 00a3 00b5 00c1 00ce 00e3 00f5
00ff 010d 0116 0122 012b 012c 0135 0137
0140 0141 0143 0148 0149 0152 0000 0000
0000 0201 0000 0000 0000 001c 0000 0000
0000 0000 0000 0000 0000 015b 0000 0006
0074 0068 0072 0069 0066 0074 6c73 7650
626c 6f62 0000 028e 6270 6c69 7374 3030
da01 0203 0405 0607 0809 0a0b 0c0d 1a42
4344 130c 465f 1012 7669 6577 4f70 7469
6f6e 7356 6572 7369 6f6e 5f10 0f73 686f
7749 636f 6e50 7265 7669 6577 5763 6f6c
756d 6e73 5f10 1163 616c 6375 6c61 7465
416c 6c53 697a 6573 5f10 0f73 6372 6f6c
6c50 6f73 6974 696f 6e59 5874 6578 7453
697a 655f 100f 7363 726f 6c6c 506f 7369
7469 6f6e 585a 736f 7274 436f 6c75 6d6e
5f10 1075 7365 5265 6c61 7469 7665 4461
7465 7358 6963 6f6e 5369 7a65 1001 09aa
0e17 1c20 252a 2f34 383d d40f 1011 1213
140c 0c5a 6964 656e 7469 6669 6572 5577
6964 7468 5961 7363 656e 6469 6e67 5776
6973 6962 6c65 546e 616d 6511 012c 0909
d40f 1011 1218 191a 0c5c 6461 7465 4d6f
6469 6669 6564 10b5 0809 d40f 1011 121d
191a 1a5b 6461 7465 4372 6561 7465 6408
08d4 0f10 1112 2122 1a0c 5473 697a 6510
6108 09d4 0f10 1112 2627 0c0c 546b 696e
6410 7309 09d4 0f10 1112 2b2c 0c1a 556c
6162 656c 1064 0908 d40f 1011 1230 310c
1a57 7665 7273 696f 6e10 4b09 08d4 0f10
1112 3514 0c1a 5863 6f6d 6d65 6e74 7309
08d4 0f10 1112 393a 1a1a 5e64 6174 654c
6173 744f 7065 6e65 6410 c808 08d4 1210
110f 1a19 1a40 0808 5964 6174 6541 6464
6564 0823 4045 8000 0000 0000 2340 2800
0000 0000 0023 0000 0000 0000 0000 0923
4030 0000 0000 0000 0008 001d 0032 0044
004c 0060 0072 007b 008d 0098 00ab 00b4
00b6 00b7 00c2 00cb 00d6 00dc 00e6 00ee
00f3 00f6 00f7 00f8 0101 010e 0110 0111
0112 011b 0127 0128 0129 0132 0137 0139
013a 013b 0144 0149 014b 014c 014d 0156
015c 015e 015f 0160 0169 0171 0173 0174
0175 017e 0187 0188 0189 0192 01a1 01a3
01a4 01a5 01ae 01af 01b0 01ba 01bb 01c4
01cd 01d6 01d7 0000 0000 0000 0201 0000
0000 0000 0047 0000 0000 0000 0000 0000
0000 0000 01e0 0000 0006 0074 0068 0072
0069 0066 0074 6c73 7670 626c 6f62 0000
0294 6270 6c69 7374 3030 da01 0203 0405
0607 0809 0a0b 0c0d 1f46 4748 0f0c 4a5f
1012 7669 6577 4f70 7469 6f6e 7356 6572
7369 6f6e 5f10 0f73 686f 7749 636f 6e50
7265 7669 6577 5763 6f6c 756d 6e73 5f10
1163 616c 6375 6c61 7465 416c 6c53 697a
6573 5f10 0f73 6372 6f6c 6c50 6f73 6974
696f 6e59 5874 6578 7453 697a 655f 100f
7363 726f 6c6c 506f 7369 7469 6f6e 585a
736f 7274 436f 6c75 6d6e 5f10 1075 7365
5265 6c61 7469 7665 4461 7465 7358 6963
6f6e 5369 7a65 1001 09d9 0e0f 1011 1213
1415 1617 2024 292e 3338 3d42 5863 6f6d
6d65 6e74 7354 6e61 6d65 5b64 6174 6543
7265 6174 6564 5473 697a 6555 6c61 6265
6c54 6b69 6e64 5776 6572 7369 6f6e 5e64
6174 654c 6173 744f 7065 6e65 645c 6461
7465 4d6f 6469 6669 6564 d418 191a 1b1c
1d0c 1f55 696e 6465 7855 7769 6474 6859
6173 6365 6e64 696e 6757 7669 7369 626c
6510 0711 012c 0908 d418 191a 1b21 1d0c
0c10 0009 09d4 1819 1a1b 2526 1f1f 1002
10b5 0808 d418 191a 1b2a 2b1f 0c10 0310
6108 09d4 1819 1a1b 2f30 0c1f 1005 1064
0908 d418 191a 1b34 350c 0c10 0410 7309
09d4 1819 1a1b 393a 0c1f 1006 104b 0908
d418 191a 1b3e 3f1f 1f10 0810 c808 08d4
1819 1a1b 0b26 1f0c 0809 0823 4045 8000
0000 0000 2340 2800 0000 0000 0023 0000
0000 0000 0000 0923 4030 0000 0000 0000
0008 001d 0032 0044 004c 0060 0072 007b
008d 0098 00ab 00b4 00b6 00b7 00ca 00d3
00d8 00e4 00e9 00ef 00f4 00fc 010b 0118
0121 0127 012d 0137 013f 0141 0144 0145
0146 014f 0151 0152 0153 015c 015e 0160
0161 0162 016b 016d 016f 0170 0171 017a
017c 017e 017f 0180 0189 018b 018d 018e
018f 0198 019a 019c 019d 019e 01a7 01a9
01ab 01ac 01ad 01b6 01b7 01b8 01b9 01c2
01cb 01d4 01d5 0000 0000 0000 0201 0000
0000 0000 004b 0000 0000 0000 0000 0000
0000 0000 01de 0000 0006 0074 0068 0072
0069 0066 0074 7653 726e 6c6f 6e67 0000
0001 0000 000a 0074 0068 0072 0069 0066
0074 002e 007a 0069 0070 496c 6f63 626c
6f62 0000 0010 0000 0185 0000 00a6 ffff
ffff ffff 0000 0000 0000 0000 0000 0000
0000 0000 0000 0000 0000 0000 0000 0000
0000 0000 0000 0000 0000 0000 0000 0000
0000 0000 0000 0000 0000 0000 0000 0000
0000 0000 0000 0000 0000 0000 0000 0000
0000 0000 0000 0000 0000 0000 0000 0000
0000 0000 0000 0000 0000 0000 0000 0000
0000 0000 0000 0000 0000 0000 0000 0000
0000 0000 0000 0000 0000 0000 0000 0000
0000 0000 0000 0000 0000 0000 0000 0000
0000 0000 0000 0000 0000 0000 0000 0000
0000 0000 0000 0000 0000 0000 0000 0000
0000 0000 0000 0000 0000 0000 0000 0000
0000 0000 0000 0000 0000 0000 0000 0000
0000 0000 0000 0000 0000 0000 0000 0000
0000 0000 0000 0000 0000 0000 0000 0000
0000 0000 0000 0000 0000 0000 0000 0000
0000 0000 0000 0000 0000 0000 0000 0000
0000 0000 0000 0000 0000 0000 0000 0000
0000 0000 0000 0000 0000 0000 0000 0000
0000 0000 0000 0000 0000 0000 0000 0000
0000 0000 0000 0000 0000 0000 0000 0000
0000 0000 0000 0000 0000 0000 0000 0000
0000 0000 0000 0000 0000 0000 0000 0000
0000 0000 0000 0000 0000 0000 0000 0000
0000 0000 0000 0000 0000 0000 0000 0000
0000 0000 0000 0000 0000 0000 0000 0000
0000 0000 0000 0000 0000 0000 0000 0000
0000 0000 0000 0000 0000 000f 0000 000b
005f 005f 0069 006e 0069 0074 005f 005f
002e 0070 0079 496c 6f63 626c 6f62 0000
0010 0000 003b 0000 0028 ffff ffff ffff
0000 0000 000c 005f 005f 0069 006e 0069
0074 005f 005f 002e 0070 0079 0063 496c
6f63 626c 6f62 0000 0010 0000 00a9 0000
0028 ffff ffff ffff 0000 0000 0003 0047
0065 006e 496c 6f63 626c 6f62 0000 0010
0000 0117 0000 0028 ffff ffff ffff 0000
0000 0003 0047 0065 006e 6277 7370 626c
6f62 0000 00c9 6270 6c69 7374 3030 d701
0203 0405 0607 0809 0908 090d 085d 5368
6f77 5374 6174 7573 4261 725b 5368 6f77
5369 6465 6261 725b 5368 6f77 546f 6f6c
6261 725b 5368 6f77 5461 6256 6965 775f
1014 436f 6e74 6169 6e65 7253 686f 7753
6964 6562 6172 5c57 696e 646f 7742 6f75
6e64 735b 5368 6f77 5061 7468 6261 7208
0909 0809 5f10 187b 7b31 3734 2c20 3231
367d 2c20 7b37 3730 2c20 3438 377d 7d08
0817 2531 3d49 606d 797a 7b7c 7d7e 9900
0000 0000 0001 0100 0000 0000 0000 0f00
0000 0000 0000 0000 0000 0000 0000 9a00
0000 0300 4700 6500 6e6c 7376 5062 6c6f
6200 0002 ac62 706c 6973 7430 30da 0102
0304 0506 0708 090a 0b0c 0d1a 4546 4716
480c 5f10 1276 6965 774f 7074 696f 6e73
5665 7273 696f 6e5f 100f 7368 6f77 4963
6f6e 5072 6576 6965 7757 636f 6c75 6d6e
735f 1011 6361 6c63 756c 6174 6541 6c6c
5369 7a65 735f 100f 7363 726f 6c6c 506f
7369 7469 6f6e 5958 7465 7874 5369 7a65
5f10 0f73 6372 6f6c 6c50 6f73 6974 696f
6e58 5a73 6f72 7443 6f6c 756d 6e58 6963
6f6e 5369 7a65 5f10 1075 7365 5265 6c61
7469 7665 4461 7465 7310 0109 aa0e 171c
2025 2a2f 3438 3dd4 0f10 1112 0c14 0c16
5776 6973 6962 6c65 5577 6964 7468 5961
7363 656e 6469 6e67 5a69 6465 6e74 6966
6965 7209 1101 2c09 546e 616d 65d4 0f10
1112 0c19 1a1b 0910 b508 5c64 6174 654d
6f64 6966 6965 64d4 0f10 1112 1a19 1a1f
0808 5b64 6174 6543 7265 6174 6564 d40f
1011 120c 221a 2409 1061 0854 7369 7a65
d40f 1011 120c 270c 2909 1073 0954 6b69
6e64 d40f 1011 121a 2c0c 2e08 1064 0955
6c61 6265 6cd4 0f10 1112 1a31 0c33 0810
4b09 5776 6572 7369 6f6e d40f 1011 121a
140c 3708 0958 636f 6d6d 656e 7473 d40f
1011 121a 3a1a 3c08 10c8 085e 6461 7465
4c61 7374 4f70 656e 6564 d412 3e3f 4041
191a 1a55 7769 6474 6859 6173 6365 6e64
696e 6757 7669 7369 626c 6559 6461 7465
4164 6465 6408 0808 2300 0000 0000 0000
0023 4028 0000 0000 0000 2340 3380 0000
0000 0023 4030 0000 0000 0000 0900 0800
1d00 3200 4400 4c00 6000 7200 7b00 8d00
9800 a100 b400 b600 b700 c200 cb00 d300
d900 e300 ee00 ef00 f200 f300 f801 0101
0201 0401 0501 1201 1b01 1c01 1d01 2901
3201 3301 3501 3601 3b01 4401 4501 4701
4801 4d01 5601 5701 5901 5a01 6001 6901
6a01 6c01 6d01 7501 7e01 7f01 8001 8901
9201 9301 9501 9601 a501 ae01 b401 be01
c601 d001 d101 d201 d301 dc01 e501 ee01
f700 0000 0000 0002 0100 0000 0000 0000
4a00 0000 0000 0000 0000 0000 0000 0001
f800 0000 0300 4700 6500 6e6c 7376 7062
6c6f 6200 0002 9462 706c 6973 7430 30da
0102 0304 0506 0708 090a 0b0c 0d1c 4647
4815 490c 5f10 1276 6965 774f 7074 696f
6e73 5665 7273 696f 6e5f 100f 7368 6f77
4963 6f6e 5072 6576 6965 7757 636f 6c75
6d6e 735f 1011 6361 6c63 756c 6174 6541
6c6c 5369 7a65 735f 100f 7363 726f 6c6c
506f 7369 7469 6f6e 5958 7465 7874 5369
7a65 5f10 0f73 6372 6f6c 6c50 6f73 6974
696f 6e58 5a73 6f72 7443 6f6c 756d 6e58
6963 6f6e 5369 7a65 5f10 1075 7365 5265
6c61 7469 7665 4461 7465 7310 0109 d90e
0f10 1112 1314 1516 1720 252a 2f34 393e
4258 636f 6d6d 656e 7473 5e64 6174 654c
6173 744f 7065 6e65 645b 6461 7465 4372
6561 7465 6454 7369 7a65 556c 6162 656c
546b 696e 6457 7665 7273 696f 6e54 6e61
6d65 5c64 6174 654d 6f64 6966 6965 64d4
1819 1a1b 1c1d 0c1f 5776 6973 6962 6c65
5577 6964 7468 5961 7363 656e 6469 6e67
5569 6e64 6578 0811 012c 0910 07d4 1819
1a1b 1c22 1c24 0810 c808 1008 d418 191a
1b1c 271c 2908 10b5 0810 02d4 1819 1a1b
0c2c 1c2e 0910 6108 1003 d418 191a 1b1c
310c 3308 1064 0910 05d4 1819 1a1b 0c36
0c38 0910 7309 1004 d418 191a 1b1c 3b0c
3d08 104b 0910 06d4 1819 1a1b 0c1d 0c41
0909 1000 d418 191a 1b0c 271c 0b09 0808
2300 0000 0000 0000 0023 4028 0000 0000
0000 2340 3380 0000 0000 0023 4030 0000
0000 0000 0900 0800 1d00 3200 4400 4c00
6000 7200 7b00 8d00 9800 a100 b400 b600
b700 ca00 d300 e200 ee00 f300 f900 fe01
0601 0b01 1801 2101 2901 2f01 3901 3f01
4001 4301 4401 4601 4f01 5001 5201 5301
5501 5e01 5f01 6101 6201 6401 6d01 6e01
7001 7101 7301 7c01 7d01 7f01 8001 8201
8b01 8c01 8e01 8f01 9101 9a01 9b01 9d01
9e01 a001 a901 aa01 ab01 ad01 b601 b701
b801 b901 c201 cb01 d401 dd00 0000 0000
0002 0100 0000 0000 0000 4b00 0000 0000
0000 0000 0000 0000 0001 de00 0000 0300
4700 6500 6e76 5372 6e6c 6f6e 6700 0000
0100 0000 0800 7200 6500 7100 7500 6500
7300 7400 7349 6c6f 6362 6c6f 6200 0000
1000 0001 8500 0000 28ff ffff ffff ff00
0000 0000 0800 7200 6500 7100 7500 6500
7300 7400 7362 7773 7062 6c6f 6200 0000
f962 706c 6973 7430 30d9 0102 0304 0506
0708 090a 0b0a 0b0a 0b10 110a 5d53 686f
7753 7461 7475 7342 6172 5b53 686f 7753
6964 6562 6172 5b53 686f 7750 6174 6862
6172 5b53 686f 7754 6f6f 6c62 6172 5b53
686f 7754 6162 5669 6577 5f10 1443 6f6e
7461 696e 6572 5368 6f77 5369 6465 6261
725c 5769 6e64 6f77 426f 756e 6473 5c53
6964 6562 6172 5769 6474 685f 1015 5072
6576 6965 7750 616e 6556 6973 6962 696c
6974 7908 0908 0908 095f 1018 7b7b 3531
302c 2033 3137 7d2c 207b 3737 302c 2034
3336 7d7d 10a7 0808 1b29 3541 4d59 707d
8aa2 a3a4 a5a6 a7a8 c3c5 0000 0000 0000
0101 0000 0000 0000 0013 0000 0000 0000
0000 0000 0000 0000 00c6 0000 0008 0072
0065 0071 0075 0065 0073 0074 0073 6c73
7650 626c 6f62 0000 028e 6270 6c69 7374
3030 da01 0203 0405 0607 0809 0a0b 0c0d
1a42 4344 130c 465f 1012 7669 6577 4f70
7469 6f6e 7356 6572 7369 6f6e 5f10 0f73
686f 7749 636f 6e50 7265 7669 6577 5763
6f6c 756d 6e73 5f10 1163 616c 6375 6c61
7465 416c 6c53 697a 6573 5f10 0f73 6372
6f6c 6c50 6f73 6974 696f 6e59 5874 6578
7453 697a 655f 100f 7363 726f 6c6c 506f
7369 7469 6f6e 585a 736f 7274 436f 6c75
6d6e 5f10 1075 7365 5265 6c61 7469 7665
4461 7465 7358 6963 6f6e 5369 7a65 1001
09aa 0e17 1c20 252a 2f34 383d d40f 1011
1213 140c 0c5a 6964 656e 7469 6669 6572
5577 6964 7468 5961 7363 656e 6469 6e67
5776 6973 6962 6c65 546e 616d 6511 012c
0909 d40f 1011 1218 191a 0c5c 6461 7465
4d6f 6469 6669 6564 10b5 0809 d40f 1011
121d 191a 1a5b 6461 7465 4372 6561 7465
6408 08d4 0f10 1112 2122 1a0c 5473 697a
6510 6108 09d4 0f10 1112 2627 0c0c 546b
696e 6410 7309 09d4 0f10 1112 2b2c 0c1a
556c 6162 656c 1064 0908 d40f 1011 1230
310c 1a57 7665 7273 696f 6e10 4b09 08d4
0f10 1112 3514 0c1a 5863 6f6d 6d65 6e74
7309 08d4 0f10 1112 393a 1a1a 5e64 6174
654c 6173 744f 7065 6e65 6410 c808 08d4
1210 110f 1a19 1a40 0808 5964 6174 6541
6464 6564 0823 406c a000 0000 0000 2340
2800 0000 0000 0023 4022 0000 0000 0000
0923 4030 0000 0000 0000 0008 001d 0032
0044 004c 0060 0072 007b 008d 0098 00ab
00b4 00b6 00b7 00c2 00cb 00d6 00dc 00e6
00ee 00f3 00f6 00f7 00f8 0101 010e 0110
0111 0112 011b 0127 0128 0129 0132 0137
0139 013a 013b 0144 0149 014b 014c 014d
0156 015c 015e 015f 0160 0169 0171 0173
0174 0175 017e 0187 0188 0189 0192 01a1
01a3 01a4 01a5 01ae 01af 01b0 01ba 01bb
01c4 01cd 01d6 01d7 0000 0000 0000 0201
0000 0000 0000 0047 0000 0000 0000 0000
0000 0000 0000 01e0 0000 0008 0072 0065
0071 0075 0065 0073 0074 0073 6c73 7670
626c 6f62 0000 0294 6270 6c69 7374 3030
da01 0203 0405 0607 0809 0a0b 0c0d 1f46
4748 0f0c 4a5f 1012 7669 6577 4f70 7469
6f6e 7356 6572 7369 6f6e 5f10 0f73 686f
7749 636f 6e50 7265 7669 6577 5763 6f6c
756d 6e73 5f10 1163 616c 6375 6c61 7465
416c 6c53 697a 6573 5f10 0f73 6372 6f6c
6c50 6f73 6974 696f 6e59 5874 6578 7453
697a 655f 100f 7363 726f 6c6c 506f 7369
7469 6f6e 585a 736f 7274 436f 6c75 6d6e
5f10 1075 7365 5265 6c61 7469 7665 4461
7465 7358 6963 6f6e 5369 7a65 1001 09d9
0e0f 1011 1213 1415 1617 2024 292e 3338
3d42 5863 6f6d 6d65 6e74 7354 6e61 6d65
5b64 6174 6543 7265 6174 6564 5473 697a
6555 6c61 6265 6c54 6b69 6e64 5776 6572
7369 6f6e 5e64 6174 654c 6173 744f 7065
6e65 645c 6461 7465 4d6f 6469 6669 6564
d418 191a 1b1c 1d0c 1f55 696e 6465 7855
7769 6474 6859 6173 6365 6e64 696e 6757
7669 7369 626c 6510 0711 012c 0908 d418
191a 1b21 1d0c 0c10 0009 09d4 1819 1a1b
2526 1f1f 1002 10b5 0808 d418 191a 1b2a
2b1f 0c10 0310 6108 09d4 1819 1a1b 2f30
0c1f 1005 1064 0908 d418 191a 1b34 350c
0c10 0410 7309 09d4 1819 1a1b 393a 0c1f
1006 104b 0908 d418 191a 1b3e 3f1f 1f10
0810 c808 08d4 1819 1a1b 0b26 1f0c 0809
0823 406c a000 0000 0000 2340 2800 0000
0000 0023 4022 0000 0000 0000 0923 4030
0000 0000 0000 0008 001d 0032 0044 004c
0060 0072 007b 008d 0098 00ab 00b4 00b6
00b7 00ca 00d3 00d8 00e4 00e9 00ef 00f4
00fc 010b 0118 0121 0127 012d 0137 013f
0141 0144 0145 0146 014f 0151 0152 0153
015c 015e 0160 0161 0162 016b 016d 016f
0170 0171 017a 017c 017e 017f 0180 0189
018b 018d 018e 018f 0198 019a 019c 019d
019e 01a7 01a9 01ab 01ac 01ad 01b6 01b7
01b8 01b9 01c2 01cb 01d4 01d5 0000 0000
0000 0201 0000 0000 0000 004b 0000 0000
0000 0000 0000 0000 0000 01de 0000 0008
0072 0065 0071 0075 0065 0073 0074 0073
7653 726e 6c6f 6e67 0000 0001 0000 000c
0072 0065 0071 0075 0065 0073 0074 0073
002e 007a 0069 0070 496c 6f63 626c 6f62
0000 0010 0000 01f3 0000 0028 ffff ffff
ffff 0000 0000 0003 0072 0073 0061 496c
6f63 626c 6f62 0000 0010 0000 003b 0000
00a6 ffff ffff ffff 0000 0000 0003 0072
0073 0061 6277 7370 626c 6f62 0000 00c9
6270 6c69 7374 3030 d701 0203 0405 0607
0809 0908 090d 085d 5368 6f77 5374 6174
7573 4261 725b 5368 6f77 5369 6465 6261
725b 5368 6f77 546f 6f6c 6261 725b 5368
6f77 5461 6256 6965 775f 1014 436f 6e74
6169 6e65 7253 686f 7753 6964 6562 6172
5c57 696e 646f 7742 6f75 6e64 735b 5368
6f77 5061 7468 6261 7208 0909 0809 5f10
187b 7b32 3231 2c20 3336 337d 2c20 7b37
3730 2c20 3438 377d 7d08 0817 2531 3d49
606d 797a 7b7c 7d7e 9900 0000 0000 0001
0100 0000 0000 0000 0f00 0000 0000 0000
0000 0000 0000 0000 9a00 0000 0000 0000
0000 0000 0000 0000 0000 0000 0000 0000
0000 0000 0000 0000 0000 0000 0000 0000
0000 0000 0000 0000 0000 0000 0000 0000
0000 0000 0000 0000 0000 0000 0000 0000
0000 0000 0000 0000 0000 0000 0000 0000
0000 0000 0000 0000 0000 0000 0000 0000
0000 0000 0000 0000 0000 0000 0000 0000
0000 0000 0000 0000 0000 0000 0000 0000
0000 0000 0000 0000 0000 0000 0000 0000
0000 0000 0000 0000 0000 0000 0000 0000
0000 0000 0000 0000 0000 0000 0000 0000
0000 0000 0000 0000 0000 0000 0000 0000
0000 0000 0000 0000 0000 0000 0000 0000
0000 0000 0000 0000 0000 0000 0000 0000
0000 0000 0000 0000 0000 0000 0000 0000
0000 0000 0000 0005 0000 0000 0000 300b
0000 0045 0000 100c 0000 0209 0000 200c
0000 0000 0000 0000 0000 0000 0000 0000
0000 0000 0000 0000 0000 0000 0000 0000
0000 0000 0000 0000 0000 0000 0000 0000
0000 0000 0000 0000 0000 0000 0000 0000
0000 0000 0000 0000 0000 0000 0000 0000
0000 0000 0000 0000 0000 0000 0000 0000
0000 0000 0000 0000 0000 0000 0000 0000
0000 0000 0000 0000 0000 0000 0000 0000
0000 0000 0000 0000 0000 0000 0000 0000
0000 0000 0000 0000 0000 0000 0000 0000
0000 0000 0000 0000 0000 0000 0000 0000
0000 0000 0000 0000 0000 0000 0000 0000
0000 0000 0000 0000 0000 0000 0000 0000
0000 0000 0000 0000 0000 0000 0000 0000
0000 0000 0000 0000 0000 0000 0000 0000
0000 0000 0000 0000 0000 0000 0000 0000
0000 0000 0000 0000 0000 0000 0000 0000
0000 0000 0000 0000 0000 0000 0000 0000
0000 0000 0000 0000 0000 0000 0000 0000
0000 0000 0000 0000 0000 0000 0000 0000
0000 0000 0000 0000 0000 0000 0000 0000
0000 0000 0000 0000 0000 0000 0000 0000
0000 0000 0000 0000 0000 0000 0000 0000
0000 0000 0000 0000 0000 0000 0000 0000
0000 0000 0000 0000 0000 0000 0000 0000
0000 0000 0000 0000 0000 0000 0000 0000
0000 0000 0000 0000 0000 0000 0000 0000
0000 0000 0000 0000 0000 0000 0000 0000
0000 0000 0000 0000 0000 0000 0000 0000
0000 0000 0000 0000 0000 0000 0000 0000
0000 0000 0000 0000 0000 0000 0000 0000
0000 0000 0000 0000 0000 0000 0000 0000
0000 0000 0000 0000 0000 0000 0000 0000
0000 0000 0000 0000 0000 0000 0000 0000
0000 0000 0000 0000 0000 0000 0000 0000
0000 0000 0000 0000 0000 0000 0000 0000
0000 0000 0000 0000 0000 0000 0000 0000
0000 0000 0000 0000 0000 0000 0000 0000
0000 0000 0000 0000 0000 0000 0000 0000
0000 0000 0000 0000 0000 0000 0000 0000
0000 0000 0000 0000 0000 0000 0000 0000
0000 0000 0000 0000 0000 0000 0000 0000
0000 0000 0000 0000 0000 0000 0000 0000
0000 0000 0000 0000 0000 0000 0000 0000
0000 0000 0000 0000 0000 0000 0000 0000
0000 0000 0000 0000 0000 0000 0000 0000
0000 0000 0000 0000 0000 0000 0000 0000
0000 0000 0000 0000 0000 0000 0000 0000
0000 0000 0000 0000 0000 0000 0000 0000
0000 0000 0000 0000 0000 0000 0000 0000
0000 0000 0000 0000 0000 0000 0000 0000
0000 0000 0000 0000 0000 0000 0000 0000
0000 0000 0000 0000 0000 0000 0000 0000
0000 0000 0000 0000 0000 0000 0000 0000
0000 0000 0000 0000 0000 0000 0000 0000
0000 0000 0000 0000 0000 0000 0000 0000
0000 0000 0000 0000 0000 0000 0000 0000
0000 0000 0000 0000 0000 0000 0000 0000
0000 0000 0000 0000 0000 0000 0000 0000
0000 0000 0000 0000 0000 0000 0000 0000
0000 0000 0000 0000 0000 0000 0000 0000
0000 0000 0000 0000 0000 0000 0000 0000
0000 0000 0000 0000 0000 0000 0000 0001
0444 5344 4200 0000 0100 0000 0000 0000
0000 0000 0000 0000 0000 0000 0000 0000
0200 0000 2000 0000 6000 0000 0000 0000
0100 0000 8000 0000 0100 0001 0000 0000
0000 0000 0100 0004 0000 0000 0200 0008
0000 0038 0000 0000 0000 0000 0000 0000
0100 0040 0000 0000 0100 0080 0000 0000
0100 0100 0000 0000 0100 0200 0000 0000
0100 0400 0000 0000 0100 0800 0000 0000
0100 1000 0000 0000 0100 2000 0000 0000
0100 4000 0000 0000 0100 8000 0000 0000
0101 0000 0000 0000 0102 0000 0000 0000
0104 0000 0000 0000 0108 0000 0000 0000
0110 0000 0000 0000 0120 0000 0000 0000
0140 0000 0000 0000 0010 1075 7365 5265
6c61 7469 7665 4461 7465 7310 0109 d90e
0f10 1112 1314 1516 1720 252a 2f34 393e
4258 636f 6d6d 656e 7473 5e64 6174 654c
6173 744f 7065 6e65 645b 6461 7465 4372
6561 7465 6454 7369 7a65 556c 6162 656c
546b 696e 6457 7665 7273 696f 6e54 6e61
6d65 5c64 6174 654d 6f64 6966 6965 64d4
1819 1a1b 1c1d 0c1f 5776 6973 6962 6c65
5577 6964 7468 5961 7363 656e 6469 6e67
5569 6e64 6578 0811 012c 0910 07d4 1819
1a1b 1c22 1c24 0810 c808 1008 d418 191a
1b1c 271c 2908 10b5 0810 02d4 1819 1a1b
0c2c 1c2e 0910 6108 1003 d418 191a 1b1c
310c 3308 1064 0910 05d4 1819 1a1b 0c36
0c38 0910 7309 1004 d418 191a 1b1c 3b0c
3d08 104b 0910 06d4 1819 1a1b 0c1d 0c41
0909 1000 d418 191a 1b0c 271c 0b09 0808
2300 0000 0000 0000 0023 4028 0000 0000
0000 2340 3380 0000 0000 0023 4030 0000
0000 0000 0900 0800 1d00 3200 4400 4c00
6000 7200 7b00 8d00 9800 a100 b400 b600
b700 ca00 d300 e200 ee00 f300 f900 fe01
0601 0b01 1801 2101 2901 2f01 3901 3f01
4001 4301 4401 4601 4f01 5001 5201 5301
5501 5e01 5f01 6101 6201 6401 6d01 6e01
7001 7101 7301 7c01 7d01 7f01 8001 8201
8b01 8c01 8e01 8f01 9101 9a01 9b01 9d01
9e01 a001 a901 aa01 ab01 ad01 b601 b701
b801 b901 c201 cb01 d401 dd00 0000 0000
0002 0100 0000 0000 0000 4b00 0000 0000
0000 0000 0000 0000 0001 de00 0000 0300
4700 6500 6e76 5372 6e6c 6f6e 6700 0000
0100 0000 0800 7200 6500 7100 7500 6500
7300 7400 7349 6c6f 6362 6c6f 6200 0000
1000 0001 8500 0000 28ff ffff ffff ff00
0000 0000 0800 7200 6500 7100 7500 6500
7300 7400 7362 7773 7062 6c6f 6200 0000
f962 706c 6973 7430 30d9 0102 0304 0506
0708 090a 0b0a 0b0a 0b10 110a 5d53 686f
7753 7461 7475 7342 6172 5b53 686f 7753
6964 6562 6172 5b53 686f 7750 6174 6862
6172 5b53 686f 7754 6f6f 6c62 6172 5b53
686f 7754 6162 5669 6577 5f10 1443 6f6e
7461 696e 6572 5368 6f77 5369 6465 6261
725c 5769 6e64 6f77 426f 756e 6473 5c53
6964 6562 6172 5769 6474 685f 1015 5072
6576 6965 7750 616e 6556 6973 6962 696c
6974 7908 0908 0908 095f 1018 7b7b 3531
302c 2033 
